{
  "cells": [
    {
      "cell_type": "markdown",
      "metadata": {
        "id": "bmqrSVejY3A1"
      },
      "source": [
        "##Importamos las librerias necesarias"
      ]
    },
    {
      "cell_type": "code",
      "execution_count": null,
      "metadata": {
        "id": "h5oBkR7fY1z_"
      },
      "outputs": [],
      "source": [
        "import torch\n",
        "import pandas as pd\n",
        "import numpy as np"
      ]
    },
    {
      "cell_type": "markdown",
      "metadata": {
        "id": "rcfWPO2IZJXA"
      },
      "source": [
        "##Montamos el directorio de Drive"
      ]
    },
    {
      "cell_type": "code",
      "execution_count": null,
      "metadata": {
        "colab": {
          "base_uri": "https://localhost:8080/"
        },
        "id": "SbjSkTcJZBpU",
        "outputId": "7bcd74be-f236-4596-a7f8-86e75c0ee22b"
      },
      "outputs": [
        {
          "output_type": "stream",
          "name": "stdout",
          "text": [
            "Mounted at /content/drive\n"
          ]
        }
      ],
      "source": [
        "\n",
        "\n",
        "from google.colab import drive\n",
        "drive.mount('/content/drive')"
      ]
    },
    {
      "cell_type": "markdown",
      "metadata": {
        "id": "sBaGksnqZUy1"
      },
      "source": [
        "##Cargamos los datos"
      ]
    },
    {
      "cell_type": "code",
      "execution_count": null,
      "metadata": {
        "colab": {
          "base_uri": "https://localhost:8080/",
          "height": 290
        },
        "id": "o71-vG3zZNu0",
        "outputId": "af133d84-0ed5-47a6-f9a0-683c53458beb"
      },
      "outputs": [
        {
          "data": {
            "application/vnd.google.colaboratory.intrinsic+json": {
              "type": "dataframe",
              "variable_name": "data"
            },
            "text/html": [
              "\n",
              "  <div id=\"df-61d11cc1-a30f-4b7e-8a60-977348f8b11b\" class=\"colab-df-container\">\n",
              "    <div>\n",
              "<style scoped>\n",
              "    .dataframe tbody tr th:only-of-type {\n",
              "        vertical-align: middle;\n",
              "    }\n",
              "\n",
              "    .dataframe tbody tr th {\n",
              "        vertical-align: top;\n",
              "    }\n",
              "\n",
              "    .dataframe thead th {\n",
              "        text-align: right;\n",
              "    }\n",
              "</style>\n",
              "<table border=\"1\" class=\"dataframe\">\n",
              "  <thead>\n",
              "    <tr style=\"text-align: right;\">\n",
              "      <th></th>\n",
              "      <th>Estrés</th>\n",
              "      <th>Número de ventana</th>\n",
              "      <th>0</th>\n",
              "      <th>1</th>\n",
              "      <th>2</th>\n",
              "      <th>3</th>\n",
              "      <th>4</th>\n",
              "      <th>5</th>\n",
              "      <th>6</th>\n",
              "      <th>7</th>\n",
              "      <th>...</th>\n",
              "      <th>120</th>\n",
              "      <th>121</th>\n",
              "      <th>122</th>\n",
              "      <th>123</th>\n",
              "      <th>124</th>\n",
              "      <th>125</th>\n",
              "      <th>126</th>\n",
              "      <th>127</th>\n",
              "      <th>128</th>\n",
              "      <th>id</th>\n",
              "    </tr>\n",
              "  </thead>\n",
              "  <tbody>\n",
              "    <tr>\n",
              "      <th>0</th>\n",
              "      <td>0</td>\n",
              "      <td>1</td>\n",
              "      <td>4.871090e-08</td>\n",
              "      <td>3.606089e-07</td>\n",
              "      <td>7.802952e-08</td>\n",
              "      <td>1.071230e-08</td>\n",
              "      <td>7.222428e-09</td>\n",
              "      <td>4.630749e-09</td>\n",
              "      <td>3.404109e-09</td>\n",
              "      <td>2.120386e-08</td>\n",
              "      <td>...</td>\n",
              "      <td>9.628297e-21</td>\n",
              "      <td>7.416112e-21</td>\n",
              "      <td>5.520233e-21</td>\n",
              "      <td>3.931372e-21</td>\n",
              "      <td>2.641779e-21</td>\n",
              "      <td>1.645183e-21</td>\n",
              "      <td>9.367518e-22</td>\n",
              "      <td>5.130580e-22</td>\n",
              "      <td>1.860268e-22</td>\n",
              "      <td>2</td>\n",
              "    </tr>\n",
              "    <tr>\n",
              "      <th>1</th>\n",
              "      <td>0</td>\n",
              "      <td>2</td>\n",
              "      <td>5.035470e-08</td>\n",
              "      <td>3.639258e-07</td>\n",
              "      <td>7.926840e-08</td>\n",
              "      <td>1.077047e-08</td>\n",
              "      <td>7.302463e-09</td>\n",
              "      <td>4.667696e-09</td>\n",
              "      <td>3.417535e-09</td>\n",
              "      <td>2.032165e-08</td>\n",
              "      <td>...</td>\n",
              "      <td>9.391299e-21</td>\n",
              "      <td>7.185520e-21</td>\n",
              "      <td>5.295116e-21</td>\n",
              "      <td>3.710834e-21</td>\n",
              "      <td>2.424951e-21</td>\n",
              "      <td>1.431218e-21</td>\n",
              "      <td>7.248202e-22</td>\n",
              "      <td>3.023415e-22</td>\n",
              "      <td>8.087072e-23</td>\n",
              "      <td>2</td>\n",
              "    </tr>\n",
              "    <tr>\n",
              "      <th>2</th>\n",
              "      <td>0</td>\n",
              "      <td>3</td>\n",
              "      <td>5.200627e-08</td>\n",
              "      <td>3.672679e-07</td>\n",
              "      <td>8.043292e-08</td>\n",
              "      <td>1.084760e-08</td>\n",
              "      <td>7.385750e-09</td>\n",
              "      <td>4.702984e-09</td>\n",
              "      <td>3.432810e-09</td>\n",
              "      <td>1.955137e-08</td>\n",
              "      <td>...</td>\n",
              "      <td>9.324190e-21</td>\n",
              "      <td>7.123044e-21</td>\n",
              "      <td>5.236609e-21</td>\n",
              "      <td>3.655653e-21</td>\n",
              "      <td>2.372467e-21</td>\n",
              "      <td>1.380818e-21</td>\n",
              "      <td>6.759018e-22</td>\n",
              "      <td>2.543088e-22</td>\n",
              "      <td>5.700175e-23</td>\n",
              "      <td>2</td>\n",
              "    </tr>\n",
              "    <tr>\n",
              "      <th>3</th>\n",
              "      <td>0</td>\n",
              "      <td>4</td>\n",
              "      <td>5.333217e-08</td>\n",
              "      <td>3.708592e-07</td>\n",
              "      <td>8.155923e-08</td>\n",
              "      <td>1.098427e-08</td>\n",
              "      <td>7.466229e-09</td>\n",
              "      <td>4.732911e-09</td>\n",
              "      <td>3.452876e-09</td>\n",
              "      <td>1.885116e-08</td>\n",
              "      <td>...</td>\n",
              "      <td>9.273517e-21</td>\n",
              "      <td>7.079086e-21</td>\n",
              "      <td>5.198405e-21</td>\n",
              "      <td>3.622269e-21</td>\n",
              "      <td>2.342996e-21</td>\n",
              "      <td>1.354371e-21</td>\n",
              "      <td>6.516027e-22</td>\n",
              "      <td>2.312948e-22</td>\n",
              "      <td>4.570854e-23</td>\n",
              "      <td>2</td>\n",
              "    </tr>\n",
              "    <tr>\n",
              "      <th>4</th>\n",
              "      <td>0</td>\n",
              "      <td>5</td>\n",
              "      <td>5.417517e-08</td>\n",
              "      <td>3.747936e-07</td>\n",
              "      <td>8.272961e-08</td>\n",
              "      <td>1.118039e-08</td>\n",
              "      <td>7.541849e-09</td>\n",
              "      <td>4.762701e-09</td>\n",
              "      <td>3.474362e-09</td>\n",
              "      <td>1.824839e-08</td>\n",
              "      <td>...</td>\n",
              "      <td>9.214716e-21</td>\n",
              "      <td>7.031555e-21</td>\n",
              "      <td>5.160531e-21</td>\n",
              "      <td>3.592489e-21</td>\n",
              "      <td>2.319785e-21</td>\n",
              "      <td>1.336235e-21</td>\n",
              "      <td>6.370759e-22</td>\n",
              "      <td>2.189260e-22</td>\n",
              "      <td>3.988324e-23</td>\n",
              "      <td>2</td>\n",
              "    </tr>\n",
              "  </tbody>\n",
              "</table>\n",
              "<p>5 rows × 132 columns</p>\n",
              "</div>\n",
              "    <div class=\"colab-df-buttons\">\n",
              "\n",
              "  <div class=\"colab-df-container\">\n",
              "    <button class=\"colab-df-convert\" onclick=\"convertToInteractive('df-61d11cc1-a30f-4b7e-8a60-977348f8b11b')\"\n",
              "            title=\"Convert this dataframe to an interactive table.\"\n",
              "            style=\"display:none;\">\n",
              "\n",
              "  <svg xmlns=\"http://www.w3.org/2000/svg\" height=\"24px\" viewBox=\"0 -960 960 960\">\n",
              "    <path d=\"M120-120v-720h720v720H120Zm60-500h600v-160H180v160Zm220 220h160v-160H400v160Zm0 220h160v-160H400v160ZM180-400h160v-160H180v160Zm440 0h160v-160H620v160ZM180-180h160v-160H180v160Zm440 0h160v-160H620v160Z\"/>\n",
              "  </svg>\n",
              "    </button>\n",
              "\n",
              "  <style>\n",
              "    .colab-df-container {\n",
              "      display:flex;\n",
              "      gap: 12px;\n",
              "    }\n",
              "\n",
              "    .colab-df-convert {\n",
              "      background-color: #E8F0FE;\n",
              "      border: none;\n",
              "      border-radius: 50%;\n",
              "      cursor: pointer;\n",
              "      display: none;\n",
              "      fill: #1967D2;\n",
              "      height: 32px;\n",
              "      padding: 0 0 0 0;\n",
              "      width: 32px;\n",
              "    }\n",
              "\n",
              "    .colab-df-convert:hover {\n",
              "      background-color: #E2EBFA;\n",
              "      box-shadow: 0px 1px 2px rgba(60, 64, 67, 0.3), 0px 1px 3px 1px rgba(60, 64, 67, 0.15);\n",
              "      fill: #174EA6;\n",
              "    }\n",
              "\n",
              "    .colab-df-buttons div {\n",
              "      margin-bottom: 4px;\n",
              "    }\n",
              "\n",
              "    [theme=dark] .colab-df-convert {\n",
              "      background-color: #3B4455;\n",
              "      fill: #D2E3FC;\n",
              "    }\n",
              "\n",
              "    [theme=dark] .colab-df-convert:hover {\n",
              "      background-color: #434B5C;\n",
              "      box-shadow: 0px 1px 3px 1px rgba(0, 0, 0, 0.15);\n",
              "      filter: drop-shadow(0px 1px 2px rgba(0, 0, 0, 0.3));\n",
              "      fill: #FFFFFF;\n",
              "    }\n",
              "  </style>\n",
              "\n",
              "    <script>\n",
              "      const buttonEl =\n",
              "        document.querySelector('#df-61d11cc1-a30f-4b7e-8a60-977348f8b11b button.colab-df-convert');\n",
              "      buttonEl.style.display =\n",
              "        google.colab.kernel.accessAllowed ? 'block' : 'none';\n",
              "\n",
              "      async function convertToInteractive(key) {\n",
              "        const element = document.querySelector('#df-61d11cc1-a30f-4b7e-8a60-977348f8b11b');\n",
              "        const dataTable =\n",
              "          await google.colab.kernel.invokeFunction('convertToInteractive',\n",
              "                                                    [key], {});\n",
              "        if (!dataTable) return;\n",
              "\n",
              "        const docLinkHtml = 'Like what you see? Visit the ' +\n",
              "          '<a target=\"_blank\" href=https://colab.research.google.com/notebooks/data_table.ipynb>data table notebook</a>'\n",
              "          + ' to learn more about interactive tables.';\n",
              "        element.innerHTML = '';\n",
              "        dataTable['output_type'] = 'display_data';\n",
              "        await google.colab.output.renderOutput(dataTable, element);\n",
              "        const docLink = document.createElement('div');\n",
              "        docLink.innerHTML = docLinkHtml;\n",
              "        element.appendChild(docLink);\n",
              "      }\n",
              "    </script>\n",
              "  </div>\n",
              "\n",
              "\n",
              "<div id=\"df-8386c999-bd87-4066-bd59-ecd16a9afc32\">\n",
              "  <button class=\"colab-df-quickchart\" onclick=\"quickchart('df-8386c999-bd87-4066-bd59-ecd16a9afc32')\"\n",
              "            title=\"Suggest charts\"\n",
              "            style=\"display:none;\">\n",
              "\n",
              "<svg xmlns=\"http://www.w3.org/2000/svg\" height=\"24px\"viewBox=\"0 0 24 24\"\n",
              "     width=\"24px\">\n",
              "    <g>\n",
              "        <path d=\"M19 3H5c-1.1 0-2 .9-2 2v14c0 1.1.9 2 2 2h14c1.1 0 2-.9 2-2V5c0-1.1-.9-2-2-2zM9 17H7v-7h2v7zm4 0h-2V7h2v10zm4 0h-2v-4h2v4z\"/>\n",
              "    </g>\n",
              "</svg>\n",
              "  </button>\n",
              "\n",
              "<style>\n",
              "  .colab-df-quickchart {\n",
              "      --bg-color: #E8F0FE;\n",
              "      --fill-color: #1967D2;\n",
              "      --hover-bg-color: #E2EBFA;\n",
              "      --hover-fill-color: #174EA6;\n",
              "      --disabled-fill-color: #AAA;\n",
              "      --disabled-bg-color: #DDD;\n",
              "  }\n",
              "\n",
              "  [theme=dark] .colab-df-quickchart {\n",
              "      --bg-color: #3B4455;\n",
              "      --fill-color: #D2E3FC;\n",
              "      --hover-bg-color: #434B5C;\n",
              "      --hover-fill-color: #FFFFFF;\n",
              "      --disabled-bg-color: #3B4455;\n",
              "      --disabled-fill-color: #666;\n",
              "  }\n",
              "\n",
              "  .colab-df-quickchart {\n",
              "    background-color: var(--bg-color);\n",
              "    border: none;\n",
              "    border-radius: 50%;\n",
              "    cursor: pointer;\n",
              "    display: none;\n",
              "    fill: var(--fill-color);\n",
              "    height: 32px;\n",
              "    padding: 0;\n",
              "    width: 32px;\n",
              "  }\n",
              "\n",
              "  .colab-df-quickchart:hover {\n",
              "    background-color: var(--hover-bg-color);\n",
              "    box-shadow: 0 1px 2px rgba(60, 64, 67, 0.3), 0 1px 3px 1px rgba(60, 64, 67, 0.15);\n",
              "    fill: var(--button-hover-fill-color);\n",
              "  }\n",
              "\n",
              "  .colab-df-quickchart-complete:disabled,\n",
              "  .colab-df-quickchart-complete:disabled:hover {\n",
              "    background-color: var(--disabled-bg-color);\n",
              "    fill: var(--disabled-fill-color);\n",
              "    box-shadow: none;\n",
              "  }\n",
              "\n",
              "  .colab-df-spinner {\n",
              "    border: 2px solid var(--fill-color);\n",
              "    border-color: transparent;\n",
              "    border-bottom-color: var(--fill-color);\n",
              "    animation:\n",
              "      spin 1s steps(1) infinite;\n",
              "  }\n",
              "\n",
              "  @keyframes spin {\n",
              "    0% {\n",
              "      border-color: transparent;\n",
              "      border-bottom-color: var(--fill-color);\n",
              "      border-left-color: var(--fill-color);\n",
              "    }\n",
              "    20% {\n",
              "      border-color: transparent;\n",
              "      border-left-color: var(--fill-color);\n",
              "      border-top-color: var(--fill-color);\n",
              "    }\n",
              "    30% {\n",
              "      border-color: transparent;\n",
              "      border-left-color: var(--fill-color);\n",
              "      border-top-color: var(--fill-color);\n",
              "      border-right-color: var(--fill-color);\n",
              "    }\n",
              "    40% {\n",
              "      border-color: transparent;\n",
              "      border-right-color: var(--fill-color);\n",
              "      border-top-color: var(--fill-color);\n",
              "    }\n",
              "    60% {\n",
              "      border-color: transparent;\n",
              "      border-right-color: var(--fill-color);\n",
              "    }\n",
              "    80% {\n",
              "      border-color: transparent;\n",
              "      border-right-color: var(--fill-color);\n",
              "      border-bottom-color: var(--fill-color);\n",
              "    }\n",
              "    90% {\n",
              "      border-color: transparent;\n",
              "      border-bottom-color: var(--fill-color);\n",
              "    }\n",
              "  }\n",
              "</style>\n",
              "\n",
              "  <script>\n",
              "    async function quickchart(key) {\n",
              "      const quickchartButtonEl =\n",
              "        document.querySelector('#' + key + ' button');\n",
              "      quickchartButtonEl.disabled = true;  // To prevent multiple clicks.\n",
              "      quickchartButtonEl.classList.add('colab-df-spinner');\n",
              "      try {\n",
              "        const charts = await google.colab.kernel.invokeFunction(\n",
              "            'suggestCharts', [key], {});\n",
              "      } catch (error) {\n",
              "        console.error('Error during call to suggestCharts:', error);\n",
              "      }\n",
              "      quickchartButtonEl.classList.remove('colab-df-spinner');\n",
              "      quickchartButtonEl.classList.add('colab-df-quickchart-complete');\n",
              "    }\n",
              "    (() => {\n",
              "      let quickchartButtonEl =\n",
              "        document.querySelector('#df-8386c999-bd87-4066-bd59-ecd16a9afc32 button');\n",
              "      quickchartButtonEl.style.display =\n",
              "        google.colab.kernel.accessAllowed ? 'block' : 'none';\n",
              "    })();\n",
              "  </script>\n",
              "</div>\n",
              "    </div>\n",
              "  </div>\n"
            ],
            "text/plain": [
              "   Estrés  Número de ventana             0             1             2  \\\n",
              "0       0                  1  4.871090e-08  3.606089e-07  7.802952e-08   \n",
              "1       0                  2  5.035470e-08  3.639258e-07  7.926840e-08   \n",
              "2       0                  3  5.200627e-08  3.672679e-07  8.043292e-08   \n",
              "3       0                  4  5.333217e-08  3.708592e-07  8.155923e-08   \n",
              "4       0                  5  5.417517e-08  3.747936e-07  8.272961e-08   \n",
              "\n",
              "              3             4             5             6             7  ...  \\\n",
              "0  1.071230e-08  7.222428e-09  4.630749e-09  3.404109e-09  2.120386e-08  ...   \n",
              "1  1.077047e-08  7.302463e-09  4.667696e-09  3.417535e-09  2.032165e-08  ...   \n",
              "2  1.084760e-08  7.385750e-09  4.702984e-09  3.432810e-09  1.955137e-08  ...   \n",
              "3  1.098427e-08  7.466229e-09  4.732911e-09  3.452876e-09  1.885116e-08  ...   \n",
              "4  1.118039e-08  7.541849e-09  4.762701e-09  3.474362e-09  1.824839e-08  ...   \n",
              "\n",
              "            120           121           122           123           124  \\\n",
              "0  9.628297e-21  7.416112e-21  5.520233e-21  3.931372e-21  2.641779e-21   \n",
              "1  9.391299e-21  7.185520e-21  5.295116e-21  3.710834e-21  2.424951e-21   \n",
              "2  9.324190e-21  7.123044e-21  5.236609e-21  3.655653e-21  2.372467e-21   \n",
              "3  9.273517e-21  7.079086e-21  5.198405e-21  3.622269e-21  2.342996e-21   \n",
              "4  9.214716e-21  7.031555e-21  5.160531e-21  3.592489e-21  2.319785e-21   \n",
              "\n",
              "            125           126           127           128  id  \n",
              "0  1.645183e-21  9.367518e-22  5.130580e-22  1.860268e-22   2  \n",
              "1  1.431218e-21  7.248202e-22  3.023415e-22  8.087072e-23   2  \n",
              "2  1.380818e-21  6.759018e-22  2.543088e-22  5.700175e-23   2  \n",
              "3  1.354371e-21  6.516027e-22  2.312948e-22  4.570854e-23   2  \n",
              "4  1.336235e-21  6.370759e-22  2.189260e-22  3.988324e-23   2  \n",
              "\n",
              "[5 rows x 132 columns]"
            ]
          },
          "execution_count": 59,
          "metadata": {},
          "output_type": "execute_result"
        }
      ],
      "source": [
        "data = pd.read_csv('/content/drive/MyDrive/TFG/datos_archivo2.csv')\n",
        "data.head()"
      ]
    },
    {
      "cell_type": "markdown",
      "metadata": {
        "id": "SvW4ULV5QnkH"
      },
      "source": [
        "##Dividimos el dataset en train y test"
      ]
    },
    {
      "cell_type": "code",
      "execution_count": null,
      "metadata": {
        "colab": {
          "base_uri": "https://localhost:8080/"
        },
        "collapsed": true,
        "id": "Ta0dlEF_QqSy",
        "outputId": "a73c2fb3-c316-4a7d-b45a-3132385e60ab"
      },
      "outputs": [
        {
          "name": "stdout",
          "output_type": "stream",
          "text": [
            "Conjunto de entrenamiento:\n",
            "   Estrés  Número de ventana             0             1             2  \\\n",
            "0       0                  1  4.871090e-08  3.606089e-07  7.802952e-08   \n",
            "1       0                  2  5.035470e-08  3.639258e-07  7.926840e-08   \n",
            "2       0                  3  5.200627e-08  3.672679e-07  8.043292e-08   \n",
            "3       0                  4  5.333217e-08  3.708592e-07  8.155923e-08   \n",
            "4       0                  5  5.417517e-08  3.747936e-07  8.272961e-08   \n",
            "\n",
            "              3             4             5             6             7  ...  \\\n",
            "0  1.071230e-08  7.222428e-09  4.630749e-09  3.404109e-09  2.120386e-08  ...   \n",
            "1  1.077047e-08  7.302463e-09  4.667696e-09  3.417535e-09  2.032165e-08  ...   \n",
            "2  1.084760e-08  7.385750e-09  4.702984e-09  3.432810e-09  1.955137e-08  ...   \n",
            "3  1.098427e-08  7.466229e-09  4.732911e-09  3.452876e-09  1.885116e-08  ...   \n",
            "4  1.118039e-08  7.541849e-09  4.762701e-09  3.474362e-09  1.824839e-08  ...   \n",
            "\n",
            "            120           121           122           123           124  \\\n",
            "0  9.628297e-21  7.416112e-21  5.520233e-21  3.931372e-21  2.641779e-21   \n",
            "1  9.391299e-21  7.185520e-21  5.295116e-21  3.710834e-21  2.424951e-21   \n",
            "2  9.324190e-21  7.123044e-21  5.236609e-21  3.655653e-21  2.372467e-21   \n",
            "3  9.273517e-21  7.079086e-21  5.198405e-21  3.622269e-21  2.342996e-21   \n",
            "4  9.214716e-21  7.031555e-21  5.160531e-21  3.592489e-21  2.319785e-21   \n",
            "\n",
            "            125           126           127           128  id  \n",
            "0  1.645183e-21  9.367518e-22  5.130580e-22  1.860268e-22   2  \n",
            "1  1.431218e-21  7.248202e-22  3.023415e-22  8.087072e-23   2  \n",
            "2  1.380818e-21  6.759018e-22  2.543088e-22  5.700175e-23   2  \n",
            "3  1.354371e-21  6.516027e-22  2.312948e-22  4.570854e-23   2  \n",
            "4  1.336235e-21  6.370759e-22  2.189260e-22  3.988324e-23   2  \n",
            "\n",
            "[5 rows x 132 columns]\n",
            "\n",
            "Conjunto de prueba:\n",
            "       Estrés  Número de ventana         0         1         2         3  \\\n",
            "35400       0                  1  0.000004  0.000023  0.000009  0.000005   \n",
            "35401       0                  2  0.000004  0.000023  0.000009  0.000005   \n",
            "35402       0                  3  0.000004  0.000022  0.000009  0.000004   \n",
            "35403       0                  4  0.000004  0.000022  0.000009  0.000004   \n",
            "35404       0                  5  0.000004  0.000021  0.000008  0.000004   \n",
            "\n",
            "              4         5             6         7  ...           120  \\\n",
            "35400  0.000004  0.000002  8.141657e-07  0.000002  ...  3.544001e-19   \n",
            "35401  0.000004  0.000002  8.015872e-07  0.000002  ...  3.450801e-19   \n",
            "35402  0.000004  0.000002  7.905319e-07  0.000002  ...  3.365206e-19   \n",
            "35403  0.000004  0.000002  7.790634e-07  0.000002  ...  3.304161e-19   \n",
            "35404  0.000004  0.000001  7.665259e-07  0.000002  ...  3.240556e-19   \n",
            "\n",
            "                121           122           123           124           125  \\\n",
            "35400  2.746610e-19  2.063251e-19  1.490568e-19  1.025761e-19  6.665643e-20   \n",
            "35401  2.665428e-19  1.992367e-19  1.428313e-19  9.705082e-20  6.167224e-20   \n",
            "35402  2.598682e-19  1.941774e-19  1.391256e-19  9.444374e-20  5.991411e-20   \n",
            "35403  2.551149e-19  1.905819e-19  1.365005e-19  9.260621e-20  5.868524e-20   \n",
            "35404  2.502094e-19  1.869234e-19  1.338871e-19  9.084101e-20  5.757552e-20   \n",
            "\n",
            "                126           127           128  id  \n",
            "35400  4.112319e-20  2.585254e-20  1.038526e-20   7  \n",
            "35401  3.652361e-20  2.148298e-20  8.238759e-21   7  \n",
            "35402  3.536894e-20  2.068922e-20  7.901929e-21   7  \n",
            "35403  3.457273e-20  2.015177e-20  7.676264e-21   7  \n",
            "35404  3.392896e-20  1.978667e-20  7.540085e-21   7  \n",
            "\n",
            "[5 rows x 132 columns]\n"
          ]
        }
      ],
      "source": [
        "# Dividir el conjunto de datos en conjunto de entrenamiento y conjunto de prueba\n",
        "train_data = data[data['id'] !=7]\n",
        "test_data = data[data['id'] ==7]\n",
        "\n",
        "# Visualizar las primeras filas de cada conjunto de datos para verificar\n",
        "print(\"Conjunto de entrenamiento:\")\n",
        "print(train_data.head())\n",
        "\n",
        "print(\"\\nConjunto de prueba:\")\n",
        "print(test_data.head())"
      ]
    },
    {
      "cell_type": "markdown",
      "metadata": {
        "id": "lSdrorzGBMVb"
      },
      "source": [
        "##Quitamos un sujeto del de train y lo ponemos en test (3, lo dejamos para test)"
      ]
    },
    {
      "cell_type": "code",
      "execution_count": null,
      "metadata": {
        "colab": {
          "base_uri": "https://localhost:8080/"
        },
        "collapsed": true,
        "id": "OiWXAJUvBLtW",
        "outputId": "ef6553c5-fdff-4721-e0d4-5d0ec94efb09"
      },
      "outputs": [
        {
          "name": "stdout",
          "output_type": "stream",
          "text": [
            "Conjunto de entrenamiento:\n",
            "       Estrés  Número de ventana             0             1             2  \\\n",
            "21240       0                  1  2.583975e-08  1.461232e-07  4.293823e-08   \n",
            "21241       0                  2  2.450313e-08  1.399524e-07  4.054284e-08   \n",
            "21242       0                  3  2.399148e-08  1.343983e-07  3.879583e-08   \n",
            "21243       0                  4  2.410430e-08  1.300703e-07  3.767510e-08   \n",
            "21244       0                  5  2.430827e-08  1.272426e-07  3.714807e-08   \n",
            "\n",
            "                  3             4             5             6             7  \\\n",
            "21240  1.827938e-08  2.088540e-08  1.725070e-08  2.038891e-08  2.242479e-08   \n",
            "21241  1.814534e-08  1.951526e-08  1.546373e-08  1.863781e-08  2.176561e-08   \n",
            "21242  1.812384e-08  1.858227e-08  1.441681e-08  1.744124e-08  2.123826e-08   \n",
            "21243  1.803017e-08  1.801575e-08  1.390894e-08  1.673585e-08  2.082198e-08   \n",
            "21244  1.776930e-08  1.770953e-08  1.371423e-08  1.636517e-08  2.051436e-08   \n",
            "\n",
            "       ...           120           121           122           123  \\\n",
            "21240  ...  2.635856e-21  2.043103e-21  1.535121e-21  1.109413e-21   \n",
            "21241  ...  2.543839e-21  1.969134e-21  1.476616e-21  1.063866e-21   \n",
            "21242  ...  2.545392e-21  1.969250e-21  1.475501e-21  1.061720e-21   \n",
            "21243  ...  2.540538e-21  1.964823e-21  1.471440e-21  1.057966e-21   \n",
            "21244  ...  2.549057e-21  1.970693e-21  1.475038e-21  1.059660e-21   \n",
            "\n",
            "                124           125           126           127           128  \\\n",
            "21240  7.638978e-22  4.968889e-22  3.070882e-22  1.935744e-22  7.789876e-23   \n",
            "21241  7.288656e-22  4.699822e-22  2.859570e-22  1.758972e-22  6.963488e-23   \n",
            "21242  7.258835e-22  4.663538e-22  2.818692e-22  1.715348e-22  6.740797e-23   \n",
            "21243  7.223773e-22  4.630394e-22  2.786911e-22  1.684381e-22  6.587317e-23   \n",
            "21244  7.225265e-22  4.619942e-22  2.767969e-22  1.660361e-22  6.458769e-23   \n",
            "\n",
            "       id  \n",
            "21240   5  \n",
            "21241   5  \n",
            "21242   5  \n",
            "21243   5  \n",
            "21244   5  \n",
            "\n",
            "[5 rows x 132 columns]\n"
          ]
        }
      ],
      "source": [
        "val_data = train_data[train_data['id'] == 5]\n",
        "train_data = train_data[train_data['id'] != 5]\n",
        "\n",
        "# Visualizar las primeras filas de cada conjunto de datos para verificar\n",
        "print(\"Conjunto de entrenamiento:\")\n",
        "print(val_data.head())\n",
        "\n",
        "#print(\"\\nConjunto de validacion:\")\n",
        "#print(val_data.head())\n"
      ]
    },
    {
      "cell_type": "markdown",
      "metadata": {
        "id": "p6rGWELpIr0N"
      },
      "source": [
        "##Creacion del dataset en la clase de pytorch\n",
        "\n"
      ]
    },
    {
      "cell_type": "code",
      "execution_count": null,
      "metadata": {
        "id": "AHiGWgMsKJxM"
      },
      "outputs": [],
      "source": [
        "\n",
        "from torch.utils.data import Dataset, DataLoader\n",
        "\n",
        "class miDataset(Dataset):\n",
        "  def __init__(self, data):\n",
        "\n",
        "    self.train_data = torch.from_numpy(data.iloc[:,2:-1].values)\n",
        "    self.train_labels = torch.from_numpy(data['Estrés'].values).float()\n",
        "    self.n_samples= self.train_data.shape[0]\n",
        "\n",
        "  def __len__(self):\n",
        "    return self.n_samples\n",
        "\n",
        "  def __getitem__(self, idx): #nos va a devolver el objeto en la posicion de idx\n",
        "    return self.train_data[idx], self.train_labels[idx]\n",
        "\n"
      ]
    },
    {
      "cell_type": "code",
      "execution_count": null,
      "metadata": {
        "id": "zyI-oOC7IrIJ"
      },
      "outputs": [],
      "source": [
        "train_dataset=miDataset(train_data)\n",
        "test_dataset=miDataset(test_data)\n",
        "#val_dataset=miDataset(val_data)"
      ]
    },
    {
      "cell_type": "code",
      "execution_count": null,
      "metadata": {
        "colab": {
          "base_uri": "https://localhost:8080/"
        },
        "collapsed": true,
        "id": "TPP7PVmUTSC5",
        "outputId": "2f0392b5-ece7-408b-b691-beea0e600e60"
      },
      "outputs": [
        {
          "name": "stdout",
          "output_type": "stream",
          "text": [
            "(tensor([4.3477e-06, 2.3017e-05, 9.3336e-06, 4.6745e-06, 4.2235e-06, 1.6145e-06,\n",
            "        8.1417e-07, 1.6245e-06, 1.2736e-06, 1.2644e-07, 8.4153e-10, 9.7467e-11,\n",
            "        2.3187e-11, 8.1376e-12, 3.6230e-12, 1.8798e-12, 1.0807e-12, 6.6743e-13,\n",
            "        4.3439e-13, 2.9422e-13, 2.0566e-13, 1.4749e-13, 1.0806e-13, 8.0625e-14,\n",
            "        6.1115e-14, 4.6974e-14, 3.6553e-14, 2.8760e-14, 2.2855e-14, 1.8329e-14,\n",
            "        1.4822e-14, 1.2079e-14, 9.9125e-15, 8.1883e-15, 6.8054e-15, 5.6883e-15,\n",
            "        4.7799e-15, 4.0367e-15, 3.4250e-15, 2.9189e-15, 2.4979e-15, 2.1461e-15,\n",
            "        1.8506e-15, 1.6015e-15, 1.3906e-15, 1.2112e-15, 1.0582e-15, 9.2717e-16,\n",
            "        8.1459e-16, 7.1753e-16, 6.3361e-16, 5.6083e-16, 4.9754e-16, 4.4234e-16,\n",
            "        3.9407e-16, 3.5176e-16, 3.1459e-16, 2.8185e-16, 2.5295e-16, 2.2739e-16,\n",
            "        2.0473e-16, 1.8461e-16, 1.6670e-16, 1.5073e-16, 1.3647e-16, 1.2372e-16,\n",
            "        1.1228e-16, 1.0202e-16, 9.2795e-17, 8.4489e-17, 7.6999e-17, 7.0235e-17,\n",
            "        6.4120e-17, 5.8583e-17, 5.3563e-17, 4.9007e-17, 4.4866e-17, 4.1098e-17,\n",
            "        3.7667e-17, 3.4537e-17, 3.1681e-17, 2.9071e-17, 2.6684e-17, 2.4498e-17,\n",
            "        2.2495e-17, 2.0658e-17, 1.8972e-17, 1.7423e-17, 1.5999e-17, 1.4689e-17,\n",
            "        1.3482e-17, 1.2371e-17, 1.1346e-17, 1.0401e-17, 9.5284e-18, 8.7228e-18,\n",
            "        7.9786e-18, 7.2908e-18, 6.6549e-18, 6.0669e-18, 5.5230e-18, 5.0199e-18,\n",
            "        4.5545e-18, 4.1239e-18, 3.7257e-18, 3.3575e-18, 3.0172e-18, 2.7028e-18,\n",
            "        2.4127e-18, 2.1451e-18, 1.8986e-18, 1.6718e-18, 1.4637e-18, 1.2730e-18,\n",
            "        1.0988e-18, 9.4010e-19, 7.9618e-19, 6.6628e-19, 5.4972e-19, 4.4594e-19,\n",
            "        3.5440e-19, 2.7466e-19, 2.0633e-19, 1.4906e-19, 1.0258e-19, 6.6656e-20,\n",
            "        4.1123e-20, 2.5853e-20, 1.0385e-20], dtype=torch.float64), tensor(0.))\n"
          ]
        }
      ],
      "source": [
        "primera=test_dataset[0]\n",
        "print(primera)"
      ]
    },
    {
      "cell_type": "code",
      "execution_count": null,
      "metadata": {
        "colab": {
          "base_uri": "https://localhost:8080/"
        },
        "collapsed": true,
        "id": "18KWvvCkP7VG",
        "outputId": "75a80489-f7eb-47ec-c733-b66dc5ce5a4b"
      },
      "outputs": [
        {
          "name": "stdout",
          "output_type": "stream",
          "text": [
            "features:  tensor([4.3477e-06, 2.3017e-05, 9.3336e-06, 4.6745e-06, 4.2235e-06, 1.6145e-06,\n",
            "        8.1417e-07, 1.6245e-06, 1.2736e-06, 1.2644e-07, 8.4153e-10, 9.7467e-11,\n",
            "        2.3187e-11, 8.1376e-12, 3.6230e-12, 1.8798e-12, 1.0807e-12, 6.6743e-13,\n",
            "        4.3439e-13, 2.9422e-13, 2.0566e-13, 1.4749e-13, 1.0806e-13, 8.0625e-14,\n",
            "        6.1115e-14, 4.6974e-14, 3.6553e-14, 2.8760e-14, 2.2855e-14, 1.8329e-14,\n",
            "        1.4822e-14, 1.2079e-14, 9.9125e-15, 8.1883e-15, 6.8054e-15, 5.6883e-15,\n",
            "        4.7799e-15, 4.0367e-15, 3.4250e-15, 2.9189e-15, 2.4979e-15, 2.1461e-15,\n",
            "        1.8506e-15, 1.6015e-15, 1.3906e-15, 1.2112e-15, 1.0582e-15, 9.2717e-16,\n",
            "        8.1459e-16, 7.1753e-16, 6.3361e-16, 5.6083e-16, 4.9754e-16, 4.4234e-16,\n",
            "        3.9407e-16, 3.5176e-16, 3.1459e-16, 2.8185e-16, 2.5295e-16, 2.2739e-16,\n",
            "        2.0473e-16, 1.8461e-16, 1.6670e-16, 1.5073e-16, 1.3647e-16, 1.2372e-16,\n",
            "        1.1228e-16, 1.0202e-16, 9.2795e-17, 8.4489e-17, 7.6999e-17, 7.0235e-17,\n",
            "        6.4120e-17, 5.8583e-17, 5.3563e-17, 4.9007e-17, 4.4866e-17, 4.1098e-17,\n",
            "        3.7667e-17, 3.4537e-17, 3.1681e-17, 2.9071e-17, 2.6684e-17, 2.4498e-17,\n",
            "        2.2495e-17, 2.0658e-17, 1.8972e-17, 1.7423e-17, 1.5999e-17, 1.4689e-17,\n",
            "        1.3482e-17, 1.2371e-17, 1.1346e-17, 1.0401e-17, 9.5284e-18, 8.7228e-18,\n",
            "        7.9786e-18, 7.2908e-18, 6.6549e-18, 6.0669e-18, 5.5230e-18, 5.0199e-18,\n",
            "        4.5545e-18, 4.1239e-18, 3.7257e-18, 3.3575e-18, 3.0172e-18, 2.7028e-18,\n",
            "        2.4127e-18, 2.1451e-18, 1.8986e-18, 1.6718e-18, 1.4637e-18, 1.2730e-18,\n",
            "        1.0988e-18, 9.4010e-19, 7.9618e-19, 6.6628e-19, 5.4972e-19, 4.4594e-19,\n",
            "        3.5440e-19, 2.7466e-19, 2.0633e-19, 1.4906e-19, 1.0258e-19, 6.6656e-20,\n",
            "        4.1123e-20, 2.5853e-20, 1.0385e-20], dtype=torch.float64)\n",
            "labels:  tensor(0.)\n"
          ]
        }
      ],
      "source": [
        "features,labels= primera\n",
        "print(\"features: \", features)\n",
        "print(\"labels: \", labels)"
      ]
    },
    {
      "cell_type": "code",
      "execution_count": null,
      "metadata": {
        "colab": {
          "base_uri": "https://localhost:8080/"
        },
        "id": "Cf2KCslI5s7y",
        "outputId": "dd5d2611-e64a-41e0-bb12-79c1bce8bbf7"
      },
      "outputs": [
        {
          "name": "stdout",
          "output_type": "stream",
          "text": [
            "99600\n"
          ]
        }
      ],
      "source": [
        "print(len(train_dataset))"
      ]
    },
    {
      "cell_type": "markdown",
      "metadata": {
        "id": "m6E6lEG7RBXX"
      },
      "source": [
        "##Generamos el dataloader con batch =40"
      ]
    },
    {
      "cell_type": "code",
      "execution_count": null,
      "metadata": {
        "id": "ybVd6abqRFaQ"
      },
      "outputs": [],
      "source": [
        "trainloader= DataLoader(dataset=train_dataset, batch_size=40, shuffle=False, drop_last=True)"
      ]
    },
    {
      "cell_type": "code",
      "execution_count": null,
      "metadata": {
        "colab": {
          "base_uri": "https://localhost:8080/"
        },
        "collapsed": true,
        "id": "1Q0yr9ijRd5X",
        "outputId": "d781a4ba-f587-4e2e-b6a4-2f6d1a8bbd85"
      },
      "outputs": [
        {
          "name": "stdout",
          "output_type": "stream",
          "text": [
            "torch.Size([40, 129])\n",
            "torch.Size([40])\n"
          ]
        }
      ],
      "source": [
        "data_batch, labels_batch = next(iter(trainloader))\n",
        "print(data_batch.size())\n",
        "#[16,129]--> son 16 conjuntos de 129 datos cadauno (1 canal)\n",
        "print(labels_batch.size())\n",
        "#[16]--> son 16 conjuntos de datos de 1 dato cada uno"
      ]
    },
    {
      "cell_type": "markdown",
      "metadata": {
        "id": "LdOtVgs2TZGP"
      },
      "source": [
        "##lo mismo para el test"
      ]
    },
    {
      "cell_type": "code",
